  0.99971083831998930     
  0.99948220997096082     
  0.99930897927329854     
  0.99918138994139860     
  0.99909093362113122     
  0.99903038395003385     
  0.99899383376042650     
  0.99897643499331901     
  0.99897420878727861     
  0.99898387952459733     
  0.99900276963445012     
  0.99902869559923269     
  0.99905987694567311     
  0.99909481816100443     
  0.99913230795797991     
  0.99917138178933440     
  0.99921127368641005     
  0.99925137976921752     
  0.99929122810553217     
  0.99933045481543581     
  0.99936878388371575     
  0.99940601055739875     
  0.99944198768732750     
  0.99947661449246450     
  0.99950982733167260     
  0.99954159212804417     
  0.99957189815817016     
  0.99960075296919815     
  0.99962817822689010     
  0.99965420572875796     
  0.99967887533995592     
  0.99970223294651550     
  0.99972432858246940     
  0.99974522006496525     
  0.99976496576106455     
  0.99978361839110286     
  0.99980123436682278     
  0.99981787497222108     
  0.99983358889532714     
  0.99984842392632511     
  0.99986242663112468     
  0.99987564211131275     
  0.99988811383396836     
  0.99989988351770454     
  0.99989998340606689     
  0.99989998340606689     
  0.99989998340606689     
  0.99989998340606689     
  0.99989998340606689     
  0.99989998340606689     
  0.99989998340606689     
  0.99989998340606689     
  0.99989998340606689     
  0.99989998340606689     
  0.99989998340606689     
  0.99989998340606689     
  0.99989998340606689     
  0.99989998340606689     
  0.99989998340606689     
  0.99989998340606689     
  0.99989998340606689     
  0.99989998340606689     
  0.99989998340606689     
  0.99989998340606689     
  0.99989998340606689     
  0.99989998340606689     
  0.99989998340606689     
  0.99989998340606689     
  0.99989998340606689     
  0.99989998340606689     
  0.99989998340606689     
  0.99989998340606689     
  0.99989998340606689     
  0.99989998340606689     
  0.99989998340606689     
  0.99989998340606689     
  0.99989998340606689     
  0.99989998340606689     
  0.99989998340606689     
  0.99989998340606689     
  0.99989998340606689     
  0.99989998340606689     
  0.99989998340606689     
  0.99989998340606689     
  0.99989998340606689     
  0.99989998340606689     
  0.99989998340606689     
  0.99989998340606689     
  0.99989998340606689     
  0.99989998340606689     
  0.99989998340606689     
  0.99989998340606689     
  0.99989998340606689     
  0.99989998340606689     
  0.99989998340606689     
  0.99989998340606689     
  0.99989998340606689     
  0.99989998340606689     
  0.99989998340606689     
  0.99989998340606689     
  0.99989998340606689     
  0.99989998340606689     
  0.99989998340606689     
  0.99989998340606689     
  0.99989998340606689     
  0.99989998340606689     
  0.99989998340606689     
  0.99989998340606689     
  0.99989998340606689     
  0.99989998340606689     
  0.99989998340606689     
  0.99989998340606689     
  0.99989998340606689     
  0.99989998340606689     
  0.99989998340606689     
  0.99989998340606689     
  0.99989998340606689     
  0.99989998340606689     
  0.99989998340606689     
  0.99989998340606689     
  0.99989998340606689     
  0.99989998340606689     
  0.99989998340606689     
  0.99989998340606689     
  0.99989998340606689     
  0.99989998340606689     
  0.99989998340606689     
  0.99989998340606689     
  0.99989998340606689     
  0.99989998340606689     
  0.99989998340606689     
  0.99989998340606689     
  0.99989998340606689     
  0.99989998340606689     
  0.99989998340606689     
  0.99989998340606689     
  0.99989998340606689     
  0.99989998340606689     
  0.99989998340606689     
  0.99989998340606689     
  0.99989998340606689     
  0.99989998340606689     
  0.99989998340606689     
  0.99989998340606689     
  0.99989998340606689     
  0.99989998340606689     
  0.99989998340606689     
  0.99989998340606689     
  0.99989998340606689     
  0.99989998340606689     
  0.99989998340606689     
  0.99989998340606689     
  0.99989998340606689     
  0.99989998340606689     
  0.99989998340606689     
  0.99989998340606689     
  0.99989998340606689     
  0.99989998340606689     
  0.99989998340606689     
  0.99989998340606689     
  0.99989998340606689     
  0.99989998340606689     
  0.99989998340606689     
  0.99989998340606689     
  0.99989998340606689     
  0.99989998340606689     
  0.99989998340606689     
  0.99989998340606689     
  0.99989998340606689     
  0.99989998340606689     
  0.99989998340606689     
  0.99989998340606689     
  0.99989998340606689     
  0.99989998340606689     
  0.99989998340606689     
  0.99989998340606689     
  0.99989998340606689     
  0.99989998340606689     
  0.99989998340606689     
  0.99989998340606689     
  0.99989998340606689     
  0.99989998340606689     
  0.99989998340606689     
  0.99989998340606689     
  0.99989998340606689     
  0.99989998340606689     
  0.99989998340606689     
  0.99989998340606689     
  0.99989998340606689     
  0.99989998340606689     
  0.99989998340606689     
  0.99989998340606689     
  0.99989998340606689     
  0.99989998340606689     
  0.99989998340606689     
  0.99989998340606689     
  0.99989998340606689     
  0.99989998340606689     
  0.99989998340606689     
  0.99989998340606689     
  0.99989998340606689     
  0.99989998340606689     
  0.99989998340606689     
  0.99989998340606689     
  0.99989998340606689     
  0.99989998340606689     
  0.99989998340606689     
  0.99989998340606689     
  0.99989998340606689     
  0.99989998340606689     
  0.99989998340606689     
  0.99989998340606689     
  0.99989998340606689     
  0.99989998340606689     
  0.99989998340606689     
  0.99989998340606689     
  0.99989998340606689     
  0.99989998340606689     
  0.99989998340606689     
  0.99989998340606689     
  0.99989998340606689     
  0.99989998340606689     
  0.99989998340606689     
  0.99989998340606689     
  0.99989998340606689     
  0.99989998340606689     
  0.99989998340606689     
  0.99989998340606689     
  0.99989998340606689     
  0.99989998340606689     
  0.99989998340606689     
  0.99989998340606689     
  0.99989998340606689     
  0.99989998340606689     
  0.99989998340606689     
  0.99989998340606689     
  0.99989998340606689     
  0.99989998340606689     
  0.99989998340606689     
  0.99989998340606689     
  0.99989998340606689     
  0.99989998340606689     
  0.99989998340606689     
  0.99989998340606689     
  0.99989998340606689     
  0.99989998340606689     
  0.99989998340606689     
  0.99989998340606689     
  0.99989998340606689     
  0.99989998340606689     
  0.99989998340606689     
  0.99989998340606689     
  0.99989998340606689     
  0.99989998340606689     
  0.99989998340606689     
  0.99989998340606689     
  0.99989998340606689     
  0.99989998340606689     
  0.99989998340606689     
  0.99989998340606689     
  0.99989998340606689     
  0.99989998340606689     
  0.99989998340606689     
  0.99989998340606689     
  0.99989998340606689     
  0.99989998340606689     
  0.99989998340606689     
  0.99989998340606689     
  0.99989998340606689     
  0.99989998340606689     
  0.99989998340606689     
  0.99989998340606689     
  0.99989998340606689     
  0.99989998340606689     
  0.99989998340606689     
  0.99989998340606689     
  0.99989998340606689     
  0.99989998340606689     
  0.99989998340606689     
  0.99989998340606689     
  0.99989998340606689     
  0.99989998340606689     
  0.99989998340606689     
  0.99989998340606689     
  0.99989998340606689     
  0.99989998340606689     
  0.99989998340606689     
  0.99989998340606689     
  0.99989998340606689     
  0.99989998340606689     
  0.99989998340606689     
  0.99989998340606689     
  0.99989998340606689     
  0.99989998340606689     
  0.99989998340606689     
  0.99989998340606689     
  0.99989998340606689     
  0.99989998340606689     
  0.99989998340606689     
  0.99989998340606689     
  0.99989998340606689     
  0.99989998340606689     
  0.99989998340606689     
  0.99989998340606689     
  0.99989998340606689     
  0.99989998340606689     
  0.99989998340606689     
  0.99989998340606689     
  0.99989998340606689     
  0.99989998340606689     
  0.99989998340606689     
  0.99989998340606689     
  0.99989998340606689     
  0.99989998340606689     
  0.99989998340606689     
  0.99989998340606689     
  0.99989998340606689     
  0.99989998340606689     
  0.99989998340606689     
  0.99989998340606689     
  0.99989998340606689     
  0.99989998340606689     
  0.99989998340606689     
  0.99989998340606689     
  0.99989998340606689     
  0.99989998340606689     
  0.99989998340606689     
  0.99989998340606689     
  0.99989998340606689     
  0.99989998340606689     
  0.99989998340606689     
  0.99989998340606689     
  0.99989998340606689     
  0.99989998340606689     
  0.99989998340606689     
  0.99989998340606689     
  0.99989998340606689     
  0.99989998340606689     
  0.99989998340606689     
  0.99989998340606689     
  0.99989998340606689     
  0.99989998340606689     
  0.99989998340606689     
  0.99989998340606689     
  0.99989998340606689     
  0.99989998340606689     
  0.99989998340606689     
  0.99989998340606689     
  0.99989998340606689     
  0.99989998340606689     
  0.99989998340606689     
  0.99989998340606689     
  0.99989998340606689     
  0.99989998340606689     
  0.99989998340606689     
  0.99989998340606689     
  0.99989998340606689     
  0.99989998340606689     
  0.99989998340606689     
  0.99989998340606689     
  0.99989998340606689     
  0.99989998340606689     
  0.99989998340606689     
  0.99989998340606689     
  0.99989998340606689     
  0.99989998340606689     
  0.99989998340606689     
  0.99989998340606689     
  0.99989998340606689     
  0.99989998340606689     
  0.99989998340606689     
  0.99989998340606689     
  0.99989998340606689     
  0.99989998340606689     
  0.99989998340606689     
  0.99989998340606689     
  0.99989998340606689     
  0.99989998340606689     
  0.99989998340606689     
  0.99989998340606689     
  0.99989998340606689     
  0.99989998340606689     
  0.99989998340606689     
  0.99989998340606689     
  0.99989998340606689     
  0.99989998340606689     
  0.99989998340606689     
  0.99989998340606689     
  0.99989998340606689     
  0.99989998340606689     
  0.99989998340606689     
  0.99989998340606689     
  0.99989998340606689     
  0.99989998340606689     
  0.99989998340606689     
  0.99989998340606689     
  0.99989998340606689     
  0.99989998340606689     
  0.99989998340606689     
  0.99989998340606689     
  0.99989998340606689     
  0.99989998340606689     
  0.99989998340606689     
  0.99989998340606689     
  0.99989998340606689     
  0.99989998340606689     
  0.99989998340606689     
  0.99989998340606689     
  0.99989998340606689     
  0.99989998340606689     
  0.99989998340606689     
  0.99989998340606689     
  0.99989998340606689     
  0.99989998340606689     
  0.99989998340606689     
  0.99989998340606689     
  0.99989998340606689     
  0.99989998340606689     
  0.99989998340606689     
  0.99989998340606689     
  0.99989998340606689     
  0.99989998340606689     
  0.99989998340606689     
  0.99989998340606689     
  0.99989998340606689     
  0.99989998340606689     
  0.99989998340606689     
  0.99989998340606689     
  0.99989998340606689     
  0.99989998340606689     
  0.99989998340606689     
  0.99989998340606689     
  0.99989998340606689     
  0.99989998340606689     
  0.99989998340606689     
  0.99989998340606689     
  0.99989998340606689     
  0.99989998340606689     
  0.99989998340606689     
  0.99989998340606689     
  0.99989998340606689     
  0.99989998340606689     
  0.99989998340606689     
  0.99989998340606689     
  0.99989998340606689     
  0.99989998340606689     
  0.99989998340606689     
  0.99989998340606689     
  0.99989998340606689     
  0.99989998340606689     
  0.99989998340606689     
  0.99989998340606689     
  0.99989998340606689     
  0.99989998340606689     
  0.99989998340606689     
  0.99989998340606689     
  0.99989998340606689     
  0.99989998340606689     
  0.99989998340606689     
  0.99989998340606689     
  0.99989998340606689     
  0.99989998340606689     
  0.99989998340606689     
  0.99989998340606689     
  0.99989998340606689     
  0.99989998340606689     
  0.99989998340606689     
  0.99989998340606689     
  0.99989998340606689     
  0.99989998340606689     
  0.99989998340606689     
  0.99989998340606689     
  0.99989998340606689     
  0.99989998340606689     
  0.99989998340606689     
  0.99989998340606689     
  0.99989998340606689     
  0.99989998340606689     
  0.99989998340606689     
  0.99989998340606689     
  0.99989998340606689     
  0.99989998340606689     
  0.99989998340606689     
  0.99989998340606689     
  0.99989998340606689     
  0.99989998340606689     
  0.99989998340606689     
  0.99989998340606689     
  0.99989998340606689     
  0.99989998340606689     
  0.99989998340606689     
  0.99989998340606689     
  0.99989998340606689     
  0.99989998340606689     
  0.99989998340606689     
  0.99989998340606689     
  0.99989998340606689     
  0.99989998340606689     
  0.99989998340606689     
  0.99989998340606689     
  0.99989998340606689     
  0.99989998340606689     
  0.99989998340606689     
  0.99989998340606689     
  0.99989998340606689     
  0.99989998340606689     
  0.99989998340606689     
  0.99989998340606689     
  0.99989998340606689     
  0.99989998340606689     
  0.99989998340606689     
  0.99989998340606689     
  0.99989998340606689     
  0.99989998340606689     
  0.99989998340606689     
  0.99989998340606689     
  0.99989998340606689     
  0.99989998340606689     
  0.99989998340606689     
  0.99989998340606689     
  0.99989998340606689     
  0.99989998340606689     
  0.99989998340606689     
  0.99989998340606689     
  0.99989998340606689     
  0.99989998340606689     
  0.99989998340606689     
  0.99989998340606689     
  0.99989998340606689     
  0.99989998340606689     
  0.99989998340606689     
  0.99989998340606689     
  0.99989998340606689     
  0.99989998340606689     
  0.99989998340606689     
  0.99989998340606689     
  0.99989998340606689     
  0.99989998340606689     
  0.99989998340606689     
  0.99989998340606689     
  0.99989998340606689     
  0.99989998340606689     
  0.99989998340606689     
  0.99989998340606689     
  0.99989998340606689     
  0.99989998340606689     
  0.99989998340606689     
  0.99989998340606689     
  0.99989998340606689     
  0.99989998340606689     
  0.99989998340606689     
  0.99989998340606689     
  0.99989998340606689     
  0.99989998340606689     
  0.99989998340606689     
  0.99989998340606689     
  0.99989998340606689     
  0.99989998340606689     
  0.99989998340606689     
  0.99989998340606689     
  0.99989998340606689     
  0.99989998340606689     
  0.99989998340606689     
  0.99989998340606689     
  0.99989998340606689     
  0.99989998340606689     
  0.99989998340606689     
  0.99989998340606689     
  0.99989998340606689     
  0.99989998340606689     
  0.99989998340606689     
  0.99989998340606689     
  0.99989998340606689     
  0.99989998340606689     
  0.99989998340606689     
  0.99989998340606689     
  0.99989998340606689     
  0.99989998340606689     
  0.99989998340606689     
  0.99989998340606689     
  0.99989998340606689     
  0.99989998340606689     
  0.99989998340606689     
  0.99989998340606689     
  0.99989998340606689     
  0.99989998340606689     
  0.99989998340606689     
  0.99989998340606689     
  0.99989998340606689     
  0.99989998340606689     
  0.99989998340606689     
  0.99989998340606689     
  0.99989998340606689     
  0.99989998340606689     
  0.99989998340606689     
  0.99989998340606689     
  0.99989998340606689     
  0.99989998340606689     
  0.99989998340606689     
  0.99989998340606689     
  0.99989998340606689     
  0.99989998340606689     
  0.99989998340606689     
  0.99989998340606689     
  0.99989998340606689     
  0.99989998340606689     
  0.99989998340606689     
  0.99989998340606689     
  0.99989998340606689     
  0.99989998340606689     
  0.99989998340606689     
  0.99989998340606689     
  0.99989998340606689     
  0.99989998340606689     
  0.99989998340606689     
  0.99989998340606689     
  0.99989998340606689     
  0.99989998340606689     
  0.99989998340606689     
  0.99989998340606689     
  0.99989998340606689     
  0.99989998340606689     
  0.99989998340606689     
  0.99989998340606689     
  0.99989998340606689     
  0.99989998340606689     
  0.99989998340606689     
  0.99989998340606689     
  0.99989998340606689     
  0.99989998340606689     
  0.99989998340606689     
  0.99989998340606689     
  0.99989998340606689     
  0.99989998340606689     
  0.99989998340606689     
  0.99989998340606689     
  0.99989998340606689     
  0.99989998340606689     
  0.99989998340606689     
  0.99989998340606689     
  0.99989998340606689     
  0.99989998340606689     
  0.99989998340606689     
  0.99989998340606689     
  0.99989998340606689     
  0.99989998340606689     
  0.99989998340606689     
  0.99989998340606689     
  0.99989998340606689     
  0.99989998340606689     
  0.99989998340606689     
  0.99989998340606689     
  0.99989998340606689     
  0.99989998340606689     
  0.99989998340606689     
  0.99989998340606689     
  0.99989998340606689     
  0.99989998340606689     
  0.99989998340606689     
  0.99989998340606689     
  0.99989998340606689     
  0.99989998340606689     
  0.99989998340606689     
  0.99989998340606689     
  0.99989998340606689     
  0.99989998340606689     
  0.99989998340606689     
  0.99989998340606689     
  0.99989998340606689     
  0.99989998340606689     
  0.99989998340606689     
  0.99989998340606689     
  0.99989998340606689     
  0.99989998340606689     
  0.99989998340606689     
  0.99989998340606689     
  0.99989998340606689     
  0.99989998340606689     
  0.99989998340606689     
  0.99989998340606689     
  0.99989998340606689     
  0.99989998340606689     
  0.99989998340606689     
  0.99989998340606689     
  0.99989998340606689     
  0.99989998340606689     
  0.99989998340606689     
  0.99989998340606689     
  0.99989998340606689     
  0.99989998340606689     
  0.99989998340606689     
  0.99989998340606689     
  0.99989998340606689     
  0.99989998340606689     
  0.99989998340606689     
  0.99989998340606689     
  0.99989998340606689     
  0.99989998340606689     
  0.99989998340606689     
  0.99989998340606689     
  0.99989998340606689     
  0.99989998340606689     
  0.99989998340606689     
  0.99989998340606689     
  0.99989998340606689     
  0.99989998340606689     
  0.99989998340606689     
  0.99989998340606689     
  0.99989998340606689     
  0.99989998340606689     
  0.99989998340606689     
  0.99989998340606689     
  0.99989998340606689     
  0.99989998340606689     
  0.99989998340606689     
  0.99989998340606689     
  0.99989998340606689     
  0.99989998340606689     
  0.99989998340606689     
  0.99989998340606689     
  0.99989998340606689     
  0.99989998340606689     
  0.99989998340606689     
  0.99989998340606689     
  0.99989998340606689     
  0.99989998340606689     
  0.99989998340606689     
  0.99989998340606689     
  0.99989998340606689     
  0.99989998340606689     
  0.99989998340606689     
  0.99989998340606689     
  0.99989998340606689     
  0.99989998340606689     
  0.99989998340606689     
  0.99989998340606689     
  0.99989998340606689     
  0.99989998340606689     
  0.99989998340606689     
  0.99989998340606689     
  0.99989998340606689     
  0.99989998340606689     
  0.99989998340606689     
  0.99989998340606689     
  0.99989998340606689     
  0.99989998340606689     
  0.99989998340606689     
  0.99989998340606689     
  0.99989998340606689     
  0.99989998340606689     
  0.99989998340606689     
  0.99989998340606689     
  0.99989998340606689     
  0.99989998340606689     
  0.99989998340606689     
  0.99989998340606689     
  0.99989998340606689     
  0.99989998340606689     
  0.99989998340606689     
  0.99989998340606689     
  0.99989998340606689     
  0.99989998340606689     
  0.99989998340606689     
  0.99989998340606689     
  0.99989998340606689     
  0.99989998340606689     
  0.99989998340606689     
  0.99989998340606689     
  0.99989998340606689     
  0.99989998340606689     
  0.99989998340606689     
  0.99989998340606689     
  0.99989998340606689     
  0.99989998340606689     
  0.99989998340606689     
  0.99989998340606689     
  0.99989998340606689     
  0.99989998340606689     
  0.99989998340606689     
  0.99989998340606689     
  0.99989998340606689     
  0.99989998340606689     
  0.99989998340606689     
  0.99989998340606689     
  0.99989998340606689     
  0.99989998340606689     
  0.99989998340606689     
  0.99989998340606689     
  0.99989998340606689     
  0.99989998340606689     
  0.99989998340606689     
  0.99989998340606689     
  0.99989998340606689     
  0.99989998340606689     
  0.99989998340606689     
  0.99989998340606689     
  0.99989998340606689     
  0.99989998340606689     
  0.99989998340606689     
  0.99989998340606689     
  0.99989998340606689     
  0.99989998340606689     
  0.99989998340606689     
  0.99989998340606689     
  0.99989998340606689     
  0.99989998340606689     
  0.99989998340606689     
  0.99989998340606689     
  0.99989998340606689     
  0.99989998340606689     
  0.99989998340606689     
  0.99989998340606689     
  0.99989998340606689     
  0.99989998340606689     
  0.99989998340606689     
  0.99989998340606689     
  0.99989998340606689     
  0.99989998340606689     
  0.99989998340606689     
  0.99989998340606689     
  0.99989998340606689     
  0.99989998340606689     
  0.99989998340606689     
  0.99989998340606689     
  0.99989998340606689     
  0.99989998340606689     
  0.99989998340606689     
  0.99989998340606689     
  0.99989998340606689     
  0.99989998340606689     
  0.99989998340606689     
  0.99989998340606689     
  0.99989998340606689     
  0.99989998340606689     
  0.99989998340606689     
  0.99989998340606689     
  0.99989998340606689     
  0.99989998340606689     
  0.99989998340606689     
  0.99989998340606689     
  0.99989998340606689     
  0.99989998340606689     
  0.99989998340606689     
  0.99989998340606689     
  0.99989998340606689     
  0.99989998340606689     
  0.99989998340606689     
  0.99989998340606689     
  0.99989998340606689     
  0.99989998340606689     
  0.99989998340606689     
  0.99989998340606689     
  0.99989998340606689     
  0.99989998340606689     
  0.99989998340606689     
  0.99989998340606689     
  0.99989998340606689     
  0.99989998340606689     
  0.99989998340606689     
  0.99989998340606689     
  0.99989998340606689     
  0.99989998340606689     
  0.99989998340606689     
  0.99989998340606689     
  0.99989998340606689     
  0.99989998340606689     
  0.99989998340606689     
  0.99989998340606689     
  0.99989998340606689     
  0.99989998340606689     
  0.99989998340606689     
  0.99989998340606689     
  0.99989998340606689     
  0.99989998340606689     
  0.99989998340606689     
  0.99989998340606689     
  0.99989998340606689     
  0.99989998340606689     
  0.99989998340606689     
  0.99989998340606689     
  0.99989998340606689     
  0.99989998340606689     
  0.99989998340606689     
  0.99989998340606689     
  0.99989998340606689     
  0.99989998340606689     
  0.99989998340606689     
  0.99989998340606689     
  0.99989998340606689     
  0.99989998340606689     
  0.99989998340606689     
  0.99989998340606689     
  0.99989998340606689     
  0.99989998340606689     
  0.99989998340606689     
  0.99989998340606689     
  0.99989998340606689     
  0.99989998340606689     
  0.99989998340606689     
  0.99989998340606689     
  0.99989998340606689     
  0.99989998340606689     
  0.99989998340606689     
  0.99989998340606689     
  0.99989998340606689     
  0.99989998340606689     
  0.99989998340606689     
  0.99989998340606689     
  0.99989998340606689     
  0.99989998340606689     
  0.99989998340606689     
  0.99989998340606689     
  0.99989998340606689     
  0.99989998340606689     
  0.99989998340606689     
  0.99989998340606689     
  0.99989998340606689     
  0.99989998340606689     
  0.99989998340606689     
  0.99989998340606689     
  0.99989998340606689     
  0.99989998340606689     
  0.99989998340606689     
  0.99989998340606689     
  0.99989998340606689     
  0.99989998340606689     
  0.99989998340606689     
  0.99989998340606689     
  0.99989998340606689     
  0.99989998340606689     
  0.99989998340606689     
  0.99989998340606689     
  0.99989998340606689     
  0.99989998340606689     
  0.99989998340606689     
  0.99989998340606689     
  0.99989998340606689     
  0.99989998340606689     
  0.99989998340606689     
  0.99989998340606689     
  0.99989998340606689     
  0.99989998340606689     
  0.99989998340606689     
  0.99989998340606689     
  0.99989998340606689     
  0.99989998340606689     
  0.99989998340606689     
  0.99989998340606689     
  0.99989998340606689     
  0.99989998340606689     
  0.99989998340606689     
  0.99989998340606689     
  0.99989998340606689     
  0.99989998340606689     
  0.99989998340606689     
  0.99989998340606689     
  0.99989998340606689     
  0.99989998340606689     
  0.99989998340606689     
  0.99989998340606689     
  0.99989998340606689     
  0.99989998340606689     
  0.99989998340606689     
  0.99989998340606689     
  0.99989998340606689     
  0.99989998340606689     
  0.99989998340606689     
  0.99989998340606689     
  0.99989998340606689     
  0.99989998340606689     
  0.99989998340606689     
  0.99989998340606689     
  0.99989998340606689     
  0.99989998340606689     
  0.99989998340606689     
  0.99989998340606689     
  0.99989998340606689     
  0.99989998340606689     
  0.99989998340606689     
  0.99989998340606689     
  0.99989998340606689     
  0.99989998340606689     
  0.99989998340606689     
  0.99989998340606689     
  0.99989998340606689     
  0.99989998340606689     
  0.99989998340606689     
  0.99989998340606689     
  0.99989998340606689     
  0.99989998340606689     
  0.99989998340606689     
  0.99989998340606689     
  0.99989998340606689     
  0.99989998340606689     
  0.99989998340606689     
  0.99989998340606689     
  0.99989998340606689     
  0.99989998340606689     
  0.99989998340606689     
  0.99989998340606689     
